1 0.09 0.37959667852906287 0.08 0.02372479240806643
0 0.33 0.37959667852906287 0.4 0.02372479240806643
3 0.905 0.37959667852906287 0.09 0.02372479240806643
1 0.09 0.4033214709371293 0.08 0.02372479240806643
0 0.33 0.4033214709371293 0.4 0.02372479240806643
3 0.905 0.4033214709371293 0.09 0.02372479240806643
1 0.09 0.42704626334519574 0.08 0.02372479240806643
0 0.33 0.42704626334519574 0.4 0.02372479240806643
3 0.905 0.42704626334519574 0.09 0.02372479240806643
1 0.09 0.45077105575326215 0.08 0.02372479240806643
0 0.33 0.45077105575326215 0.4 0.02372479240806643
3 0.905 0.45077105575326215 0.09 0.02372479240806643
1 0.09 0.4744958481613286 0.08 0.02372479240806643
0 0.33 0.4744958481613286 0.4 0.02372479240806643
5 0.685 0.4744958481613286 0.14 0.02372479240806643
3 0.905 0.4744958481613286 0.09 0.02372479240806643
4 0.875 0.5219454329774614 0.15 0.02372479240806643
