2 0.258 0.37652270210409744 0.12 0.0221483942414175
0 0.33 0.35437430786268 0.4 0.0221483942414175
5 0.685 0.37652270210409744 0.14 0.0221483942414175
3 0.905 0.37652270210409744 0.09 0.0221483942414175
2 0.258 0.42081949058693247 0.12 0.0221483942414175
0 0.33 0.39867109634551495 0.4 0.0221483942414175
5 0.685 0.42081949058693247 0.14 0.0221483942414175
3 0.905 0.42081949058693247 0.09 0.0221483942414175
2 0.258 0.46511627906976744 0.12 0.0221483942414175
0 0.33 0.4429678848283499 0.4 0.0221483942414175
5 0.685 0.46511627906976744 0.14 0.0221483942414175
3 0.905 0.46511627906976744 0.09 0.0221483942414175
2 0.258 0.5094130675526024 0.12 0.0221483942414175
0 0.33 0.48726467331118495 0.4 0.0221483942414175
5 0.685 0.5094130675526024 0.14 0.0221483942414175
3 0.905 0.5094130675526024 0.09 0.0221483942414175
4 0.875 0.5537098560354374 0.15 0.0221483942414175
