2 0.258 0.34587995930824006 0.12 0.02034587995930824
0 0.33 0.32553407934893186 0.4 0.02034587995930824
5 0.685 0.34587995930824006 0.14 0.02034587995930824
3 0.905 0.34587995930824006 0.09 0.02034587995930824
2 0.258 0.38657171922685657 0.12 0.02034587995930824
0 0.33 0.3662258392675483 0.4 0.02034587995930824
5 0.685 0.38657171922685657 0.14 0.02034587995930824
3 0.905 0.38657171922685657 0.09 0.02034587995930824
2 0.258 0.427263479145473 0.12 0.02034587995930824
0 0.33 0.4069175991861648 0.4 0.02034587995930824
5 0.685 0.427263479145473 0.14 0.02034587995930824
3 0.905 0.427263479145473 0.09 0.02034587995930824
2 0.258 0.46795523906408953 0.12 0.02034587995930824
0 0.33 0.4476093591047813 0.4 0.02034587995930824
5 0.685 0.46795523906408953 0.14 0.02034587995930824
3 0.905 0.46795523906408953 0.09 0.02034587995930824
2 0.258 0.508646998982706 0.12 0.02034587995930824
0 0.33 0.4883011190233978 0.4 0.02034587995930824
5 0.685 0.508646998982706 0.14 0.02034587995930824
3 0.905 0.508646998982706 0.09 0.02034587995930824
2 0.258 0.5493387589013224 0.12 0.02034587995930824
0 0.33 0.5289928789420142 0.4 0.02034587995930824
5 0.685 0.5493387589013224 0.14 0.02034587995930824
3 0.905 0.5493387589013224 0.09 0.02034587995930824
4 0.875 0.590030518819939 0.15 0.02034587995930824
