2 0.258 0.33235581622678395 0.12 0.019550342130987292
0 0.33 0.3128054740957967 0.4 0.019550342130987292
5 0.685 0.33235581622678395 0.14 0.019550342130987292
3 0.905 0.33235581622678395 0.09 0.019550342130987292
2 0.258 0.37145650048875856 0.12 0.019550342130987292
0 0.33 0.3519061583577713 0.4 0.019550342130987292
5 0.685 0.37145650048875856 0.14 0.019550342130987292
3 0.905 0.37145650048875856 0.09 0.019550342130987292
2 0.258 0.41055718475073316 0.12 0.019550342130987292
0 0.33 0.39100684261974583 0.4 0.019550342130987292
5 0.685 0.41055718475073316 0.14 0.019550342130987292
3 0.905 0.41055718475073316 0.09 0.019550342130987292
2 0.258 0.4496578690127077 0.12 0.019550342130987292
0 0.33 0.43010752688172044 0.4 0.019550342130987292
5 0.685 0.4496578690127077 0.14 0.019550342130987292
3 0.905 0.4496578690127077 0.09 0.019550342130987292
2 0.258 0.4887585532746823 0.12 0.019550342130987292
0 0.33 0.46920821114369504 0.4 0.019550342130987292
5 0.685 0.4887585532746823 0.14 0.019550342130987292
3 0.905 0.4887585532746823 0.09 0.019550342130987292
2 0.258 0.5278592375366569 0.12 0.019550342130987292
0 0.33 0.5083088954056696 0.4 0.019550342130987292
5 0.685 0.5278592375366569 0.14 0.019550342130987292
3 0.905 0.5278592375366569 0.09 0.019550342130987292
2 0.258 0.5669599217986315 0.12 0.019550342130987292
0 0.33 0.5474095796676441 0.4 0.019550342130987292
5 0.685 0.5669599217986315 0.14 0.019550342130987292
3 0.905 0.5669599217986315 0.09 0.019550342130987292
4 0.875 0.6060606060606061 0.15 0.019550342130987292
