2 0.258 0.2974628171478565 0.12 0.017497812773403325
0 0.33 0.2799650043744532 0.4 0.017497812773403325
5 0.685 0.2974628171478565 0.14 0.017497812773403325
3 0.905 0.2974628171478565 0.09 0.017497812773403325
2 0.258 0.3324584426946632 0.12 0.017497812773403325
0 0.33 0.31496062992125984 0.4 0.017497812773403325
5 0.685 0.3324584426946632 0.14 0.017497812773403325
3 0.905 0.3324584426946632 0.09 0.017497812773403325
2 0.258 0.3674540682414698 0.12 0.017497812773403325
0 0.33 0.34995625546806647 0.4 0.017497812773403325
5 0.685 0.3674540682414698 0.14 0.017497812773403325
3 0.905 0.3674540682414698 0.09 0.017497812773403325
2 0.258 0.40244969378827644 0.12 0.017497812773403325
0 0.33 0.38495188101487315 0.4 0.017497812773403325
5 0.685 0.40244969378827644 0.14 0.017497812773403325
3 0.905 0.40244969378827644 0.09 0.017497812773403325
2 0.258 0.4374453193350831 0.12 0.017497812773403325
0 0.33 0.4199475065616798 0.4 0.017497812773403325
5 0.685 0.4374453193350831 0.14 0.017497812773403325
3 0.905 0.4374453193350831 0.09 0.017497812773403325
2 0.258 0.47244094488188976 0.12 0.017497812773403325
0 0.33 0.4549431321084864 0.4 0.017497812773403325
5 0.685 0.47244094488188976 0.14 0.017497812773403325
3 0.905 0.47244094488188976 0.09 0.017497812773403325
2 0.258 0.5074365704286964 0.12 0.017497812773403325
0 0.33 0.4899387576552931 0.4 0.017497812773403325
5 0.685 0.5074365704286964 0.14 0.017497812773403325
3 0.905 0.5074365704286964 0.09 0.017497812773403325
2 0.258 0.5424321959755031 0.12 0.017497812773403325
0 0.33 0.5249343832020997 0.4 0.017497812773403325
5 0.685 0.5424321959755031 0.14 0.017497812773403325
3 0.905 0.5424321959755031 0.09 0.017497812773403325
2 0.258 0.5774278215223098 0.12 0.017497812773403325
0 0.33 0.5599300087489064 0.4 0.017497812773403325
5 0.685 0.5774278215223098 0.14 0.017497812773403325
3 0.905 0.5774278215223098 0.09 0.017497812773403325
2 0.258 0.6124234470691163 0.12 0.017497812773403325
0 0.33 0.594925634295713 0.4 0.017497812773403325
5 0.685 0.6124234470691163 0.14 0.017497812773403325
3 0.905 0.6124234470691163 0.09 0.017497812773403325
4 0.875 0.647419072615923 0.15 0.017497812773403325
