2 0.258 0.3605514316012725 0.12 0.021208907741251327
0 0.33 0.33934252386002123 0.4 0.021208907741251327
5 0.685 0.3605514316012725 0.14 0.021208907741251327
3 0.905 0.3605514316012725 0.09 0.021208907741251327
2 0.258 0.4029692470837752 0.12 0.021208907741251327
0 0.33 0.38176033934252385 0.4 0.021208907741251327
5 0.685 0.4029692470837752 0.14 0.021208907741251327
3 0.905 0.4029692470837752 0.09 0.021208907741251327
2 0.258 0.44538706256627786 0.12 0.021208907741251327
0 0.33 0.4241781548250265 0.4 0.021208907741251327
5 0.685 0.44538706256627786 0.14 0.021208907741251327
3 0.905 0.44538706256627786 0.09 0.021208907741251327
2 0.258 0.4878048780487805 0.12 0.021208907741251327
0 0.33 0.46659597030752914 0.4 0.021208907741251327
5 0.685 0.4878048780487805 0.14 0.021208907741251327
3 0.905 0.4878048780487805 0.09 0.021208907741251327
2 0.258 0.5302226935312832 0.12 0.021208907741251327
0 0.33 0.5090137857900318 0.4 0.021208907741251327
5 0.685 0.5302226935312832 0.14 0.021208907741251327
3 0.905 0.5302226935312832 0.09 0.021208907741251327
4 0.875 0.5726405090137858 0.15 0.021208907741251327
