1 0.044444444444444446 0.08333333333333333 0.08888888888888889 0.16666666666666666
0 0.3111111111111111 0.08333333333333333 0.4444444444444444 0.16666666666666666
3 0.95 0.08333333333333333 0.1 0.16666666666666666
2 0.2311111111111111 0.4166666666666667 0.13333333333333333 0.16666666666666666
0 0.3111111111111111 0.25 0.4444444444444444 0.16666666666666666
5 0.7055555555555556 0.4166666666666667 0.15555555555555556 0.16666666666666666
3 0.95 0.4166666666666667 0.1 0.16666666666666666
1 0.044444444444444446 0.5833333333333334 0.08888888888888889 0.16666666666666666
0 0.3111111111111111 0.5833333333333334 0.4444444444444444 0.16666666666666666
5 0.7055555555555556 0.5833333333333334 0.15555555555555556 0.16666666666666666
3 0.95 0.5833333333333334 0.1 0.16666666666666666
4 0.9166666666666666 0.9166666666666666 0.16666666666666666 0.16666666666666666
