1 0.044444444444444446 0.0625 0.08888888888888889 0.125
0 0.3111111111111111 0.0625 0.4444444444444444 0.125
3 0.95 0.0625 0.1 0.125
1 0.044444444444444446 0.1875 0.08888888888888889 0.125
0 0.3111111111111111 0.1875 0.4444444444444444 0.125
5 0.7055555555555556 0.1875 0.15555555555555556 0.125
3 0.95 0.1875 0.1 0.125
1 0.044444444444444446 0.3125 0.08888888888888889 0.125
0 0.3111111111111111 0.3125 0.4444444444444444 0.125
3 0.95 0.3125 0.1 0.125
1 0.044444444444444446 0.4375 0.08888888888888889 0.125
0 0.3111111111111111 0.4375 0.4444444444444444 0.125
3 0.95 0.4375 0.1 0.125
1 0.044444444444444446 0.5625 0.08888888888888889 0.125
0 0.3111111111111111 0.5625 0.4444444444444444 0.125
3 0.95 0.5625 0.1 0.125
1 0.044444444444444446 0.6875 0.08888888888888889 0.125
0 0.3111111111111111 0.6875 0.4444444444444444 0.125
3 0.95 0.6875 0.1 0.125
4 0.9166666666666666 0.9375 0.16666666666666666 0.125
