1 0.09 0.3466955579631636 0.08 0.021668472372697724
0 0.33 0.3466955579631636 0.4 0.021668472372697724
3 0.905 0.3466955579631636 0.09 0.021668472372697724
1 0.09 0.36836403033586135 0.08 0.021668472372697724
0 0.33 0.36836403033586135 0.4 0.021668472372697724
3 0.905 0.36836403033586135 0.09 0.021668472372697724
1 0.09 0.39003250270855905 0.08 0.021668472372697724
0 0.33 0.39003250270855905 0.4 0.021668472372697724
3 0.905 0.39003250270855905 0.09 0.021668472372697724
1 0.09 0.41170097508125675 0.08 0.021668472372697724
0 0.33 0.41170097508125675 0.4 0.021668472372697724
5 0.685 0.41170097508125675 0.14 0.021668472372697724
3 0.905 0.41170097508125675 0.09 0.021668472372697724
1 0.09 0.4333694474539545 0.08 0.021668472372697724
0 0.33 0.4333694474539545 0.4 0.021668472372697724
3 0.905 0.4333694474539545 0.09 0.021668472372697724
1 0.09 0.4550379198266522 0.08 0.021668472372697724
0 0.33 0.4550379198266522 0.4 0.021668472372697724
3 0.905 0.4550379198266522 0.09 0.021668472372697724
1 0.09 0.47670639219934996 0.08 0.021668472372697724
0 0.33 0.47670639219934996 0.4 0.021668472372697724
3 0.905 0.47670639219934996 0.09 0.021668472372697724
1 0.09 0.49837486457204766 0.08 0.021668472372697724
0 0.33 0.49837486457204766 0.4 0.021668472372697724
3 0.905 0.49837486457204766 0.09 0.021668472372697724
1 0.09 0.5200433369447454 0.08 0.021668472372697724
0 0.33 0.5200433369447454 0.4 0.021668472372697724
3 0.905 0.5200433369447454 0.09 0.021668472372697724
4 0.875 0.5633802816901409 0.15 0.021668472372697724
