1 0.09 0.362400906002265 0.08 0.022650056625141562
0 0.33 0.362400906002265 0.4 0.022650056625141562
3 0.905 0.362400906002265 0.09 0.022650056625141562
1 0.09 0.38505096262740657 0.08 0.022650056625141562
0 0.33 0.38505096262740657 0.4 0.022650056625141562
3 0.905 0.38505096262740657 0.09 0.022650056625141562
1 0.09 0.40770101925254815 0.08 0.022650056625141562
0 0.33 0.40770101925254815 0.4 0.022650056625141562
3 0.905 0.40770101925254815 0.09 0.022650056625141562
1 0.09 0.43035107587768967 0.08 0.022650056625141562
0 0.33 0.43035107587768967 0.4 0.022650056625141562
3 0.905 0.43035107587768967 0.09 0.022650056625141562
1 0.09 0.45300113250283125 0.08 0.022650056625141562
0 0.33 0.45300113250283125 0.4 0.022650056625141562
3 0.905 0.45300113250283125 0.09 0.022650056625141562
1 0.09 0.47565118912797283 0.08 0.022650056625141562
0 0.33 0.47565118912797283 0.4 0.022650056625141562
3 0.905 0.47565118912797283 0.09 0.022650056625141562
1 0.09 0.4983012457531144 0.08 0.022650056625141562
0 0.33 0.4983012457531144 0.4 0.022650056625141562
3 0.905 0.4983012457531144 0.09 0.022650056625141562
4 0.875 0.5436013590033975 0.15 0.022650056625141562
