2 0.2311111111111111 0.15 0.13333333333333333 0.1
0 0.3111111111111111 0.05 0.4444444444444444 0.1
5 0.7055555555555556 0.15 0.15555555555555556 0.1
3 0.95 0.15 0.1 0.1
2 0.2311111111111111 0.35 0.13333333333333333 0.1
0 0.3111111111111111 0.25 0.4444444444444444 0.1
5 0.7055555555555556 0.35 0.15555555555555556 0.1
3 0.95 0.35 0.1 0.1
2 0.2311111111111111 0.55 0.13333333333333333 0.1
0 0.3111111111111111 0.45 0.4444444444444444 0.1
5 0.7055555555555556 0.55 0.15555555555555556 0.1
3 0.95 0.55 0.1 0.1
2 0.2311111111111111 0.75 0.13333333333333333 0.1
0 0.3111111111111111 0.65 0.4444444444444444 0.1
5 0.7055555555555556 0.75 0.15555555555555556 0.1
3 0.95 0.75 0.1 0.1
4 0.9166666666666666 0.95 0.16666666666666666 0.1
