2 0.2311111111111111 0.09375 0.13333333333333333 0.0625
0 0.3111111111111111 0.03125 0.4444444444444444 0.0625
5 0.7055555555555556 0.09375 0.15555555555555556 0.0625
3 0.95 0.09375 0.1 0.0625
2 0.2311111111111111 0.21875 0.13333333333333333 0.0625
0 0.3111111111111111 0.15625 0.4444444444444444 0.0625
5 0.7055555555555556 0.21875 0.15555555555555556 0.0625
3 0.95 0.21875 0.1 0.0625
2 0.2311111111111111 0.34375 0.13333333333333333 0.0625
0 0.3111111111111111 0.28125 0.4444444444444444 0.0625
5 0.7055555555555556 0.34375 0.15555555555555556 0.0625
3 0.95 0.34375 0.1 0.0625
2 0.2311111111111111 0.46875 0.13333333333333333 0.0625
0 0.3111111111111111 0.40625 0.4444444444444444 0.0625
5 0.7055555555555556 0.46875 0.15555555555555556 0.0625
3 0.95 0.46875 0.1 0.0625
2 0.2311111111111111 0.59375 0.13333333333333333 0.0625
0 0.3111111111111111 0.53125 0.4444444444444444 0.0625
5 0.7055555555555556 0.59375 0.15555555555555556 0.0625
3 0.95 0.59375 0.1 0.0625
2 0.2311111111111111 0.71875 0.13333333333333333 0.0625
0 0.3111111111111111 0.65625 0.4444444444444444 0.0625
5 0.7055555555555556 0.71875 0.15555555555555556 0.0625
3 0.95 0.71875 0.1 0.0625
2 0.2311111111111111 0.84375 0.13333333333333333 0.0625
0 0.3111111111111111 0.78125 0.4444444444444444 0.0625
5 0.7055555555555556 0.84375 0.15555555555555556 0.0625
3 0.95 0.84375 0.1 0.0625
4 0.9166666666666666 0.96875 0.16666666666666666 0.0625
