2 0.2311111111111111 0.10714285714285714 0.13333333333333333 0.07142857142857142
0 0.3111111111111111 0.03571428571428571 0.4444444444444444 0.07142857142857142
5 0.7055555555555556 0.10714285714285714 0.15555555555555556 0.07142857142857142
3 0.95 0.10714285714285714 0.1 0.07142857142857142
2 0.2311111111111111 0.25 0.13333333333333333 0.07142857142857142
0 0.3111111111111111 0.17857142857142858 0.4444444444444444 0.07142857142857142
5 0.7055555555555556 0.25 0.15555555555555556 0.07142857142857142
3 0.95 0.25 0.1 0.07142857142857142
2 0.2311111111111111 0.39285714285714285 0.13333333333333333 0.07142857142857142
0 0.3111111111111111 0.32142857142857145 0.4444444444444444 0.07142857142857142
5 0.7055555555555556 0.39285714285714285 0.15555555555555556 0.07142857142857142
3 0.95 0.39285714285714285 0.1 0.07142857142857142
2 0.2311111111111111 0.5357142857142857 0.13333333333333333 0.07142857142857142
0 0.3111111111111111 0.4642857142857143 0.4444444444444444 0.07142857142857142
5 0.7055555555555556 0.5357142857142857 0.15555555555555556 0.07142857142857142
3 0.95 0.5357142857142857 0.1 0.07142857142857142
2 0.2311111111111111 0.6785714285714286 0.13333333333333333 0.07142857142857142
0 0.3111111111111111 0.6071428571428571 0.4444444444444444 0.07142857142857142
5 0.7055555555555556 0.6785714285714286 0.15555555555555556 0.07142857142857142
3 0.95 0.6785714285714286 0.1 0.07142857142857142
2 0.2311111111111111 0.8214285714285714 0.13333333333333333 0.07142857142857142
0 0.3111111111111111 0.75 0.4444444444444444 0.07142857142857142
5 0.7055555555555556 0.8214285714285714 0.15555555555555556 0.07142857142857142
3 0.95 0.8214285714285714 0.1 0.07142857142857142
4 0.9166666666666666 0.9642857142857143 0.16666666666666666 0.07142857142857142
