2 0.2311111111111111 0.06818181818181818 0.13333333333333333 0.045454545454545456
0 0.3111111111111111 0.022727272727272728 0.4444444444444444 0.045454545454545456
5 0.7055555555555556 0.06818181818181818 0.15555555555555556 0.045454545454545456
3 0.95 0.06818181818181818 0.1 0.045454545454545456
2 0.2311111111111111 0.1590909090909091 0.13333333333333333 0.045454545454545456
0 0.3111111111111111 0.11363636363636363 0.4444444444444444 0.045454545454545456
5 0.7055555555555556 0.1590909090909091 0.15555555555555556 0.045454545454545456
3 0.95 0.1590909090909091 0.1 0.045454545454545456
2 0.2311111111111111 0.25 0.13333333333333333 0.045454545454545456
0 0.3111111111111111 0.20454545454545456 0.4444444444444444 0.045454545454545456
5 0.7055555555555556 0.25 0.15555555555555556 0.045454545454545456
3 0.95 0.25 0.1 0.045454545454545456
2 0.2311111111111111 0.3409090909090909 0.13333333333333333 0.045454545454545456
0 0.3111111111111111 0.29545454545454547 0.4444444444444444 0.045454545454545456
5 0.7055555555555556 0.3409090909090909 0.15555555555555556 0.045454545454545456
3 0.95 0.3409090909090909 0.1 0.045454545454545456
2 0.2311111111111111 0.4318181818181818 0.13333333333333333 0.045454545454545456
0 0.3111111111111111 0.38636363636363635 0.4444444444444444 0.045454545454545456
5 0.7055555555555556 0.4318181818181818 0.15555555555555556 0.045454545454545456
3 0.95 0.4318181818181818 0.1 0.045454545454545456
2 0.2311111111111111 0.5227272727272727 0.13333333333333333 0.045454545454545456
0 0.3111111111111111 0.4772727272727273 0.4444444444444444 0.045454545454545456
5 0.7055555555555556 0.5227272727272727 0.15555555555555556 0.045454545454545456
3 0.95 0.5227272727272727 0.1 0.045454545454545456
2 0.2311111111111111 0.6136363636363636 0.13333333333333333 0.045454545454545456
0 0.3111111111111111 0.5681818181818182 0.4444444444444444 0.045454545454545456
5 0.7055555555555556 0.6136363636363636 0.15555555555555556 0.045454545454545456
3 0.95 0.6136363636363636 0.1 0.045454545454545456
2 0.2311111111111111 0.7045454545454546 0.13333333333333333 0.045454545454545456
0 0.3111111111111111 0.6590909090909091 0.4444444444444444 0.045454545454545456
5 0.7055555555555556 0.7045454545454546 0.15555555555555556 0.045454545454545456
3 0.95 0.7045454545454546 0.1 0.045454545454545456
2 0.2311111111111111 0.7954545454545454 0.13333333333333333 0.045454545454545456
0 0.3111111111111111 0.75 0.4444444444444444 0.045454545454545456
5 0.7055555555555556 0.7954545454545454 0.15555555555555556 0.045454545454545456
3 0.95 0.7954545454545454 0.1 0.045454545454545456
2 0.2311111111111111 0.8863636363636364 0.13333333333333333 0.045454545454545456
0 0.3111111111111111 0.8409090909090909 0.4444444444444444 0.045454545454545456
5 0.7055555555555556 0.8863636363636364 0.15555555555555556 0.045454545454545456
3 0.95 0.8863636363636364 0.1 0.045454545454545456
4 0.9166666666666666 0.9772727272727273 0.16666666666666666 0.045454545454545456
