2 0.2311111111111111 0.125 0.13333333333333333 0.08333333333333333
0 0.3111111111111111 0.041666666666666664 0.4444444444444444 0.08333333333333333
5 0.7055555555555556 0.125 0.15555555555555556 0.08333333333333333
3 0.95 0.125 0.1 0.08333333333333333
2 0.2311111111111111 0.2916666666666667 0.13333333333333333 0.08333333333333333
0 0.3111111111111111 0.20833333333333334 0.4444444444444444 0.08333333333333333
5 0.7055555555555556 0.2916666666666667 0.15555555555555556 0.08333333333333333
3 0.95 0.2916666666666667 0.1 0.08333333333333333
2 0.2311111111111111 0.4583333333333333 0.13333333333333333 0.08333333333333333
0 0.3111111111111111 0.375 0.4444444444444444 0.08333333333333333
5 0.7055555555555556 0.4583333333333333 0.15555555555555556 0.08333333333333333
3 0.95 0.4583333333333333 0.1 0.08333333333333333
2 0.2311111111111111 0.625 0.13333333333333333 0.08333333333333333
0 0.3111111111111111 0.5416666666666666 0.4444444444444444 0.08333333333333333
5 0.7055555555555556 0.625 0.15555555555555556 0.08333333333333333
3 0.95 0.625 0.1 0.08333333333333333
2 0.2311111111111111 0.7916666666666666 0.13333333333333333 0.08333333333333333
0 0.3111111111111111 0.7083333333333334 0.4444444444444444 0.08333333333333333
5 0.7055555555555556 0.7916666666666666 0.15555555555555556 0.08333333333333333
3 0.95 0.7916666666666666 0.1 0.08333333333333333
4 0.9166666666666666 0.9583333333333334 0.16666666666666666 0.08333333333333333
