1 0.044444444444444446 0.045454545454545456 0.08888888888888889 0.09090909090909091
0 0.3111111111111111 0.045454545454545456 0.4444444444444444 0.09090909090909091
3 0.95 0.045454545454545456 0.1 0.09090909090909091
1 0.044444444444444446 0.13636363636363635 0.08888888888888889 0.09090909090909091
0 0.3111111111111111 0.13636363636363635 0.4444444444444444 0.09090909090909091
3 0.95 0.13636363636363635 0.1 0.09090909090909091
1 0.044444444444444446 0.22727272727272727 0.08888888888888889 0.09090909090909091
0 0.3111111111111111 0.22727272727272727 0.4444444444444444 0.09090909090909091
3 0.95 0.22727272727272727 0.1 0.09090909090909091
1 0.044444444444444446 0.3181818181818182 0.08888888888888889 0.09090909090909091
0 0.3111111111111111 0.3181818181818182 0.4444444444444444 0.09090909090909091
5 0.7055555555555556 0.3181818181818182 0.15555555555555556 0.09090909090909091
3 0.95 0.3181818181818182 0.1 0.09090909090909091
1 0.044444444444444446 0.4090909090909091 0.08888888888888889 0.09090909090909091
0 0.3111111111111111 0.4090909090909091 0.4444444444444444 0.09090909090909091
3 0.95 0.4090909090909091 0.1 0.09090909090909091
1 0.044444444444444446 0.5 0.08888888888888889 0.09090909090909091
0 0.3111111111111111 0.5 0.4444444444444444 0.09090909090909091
3 0.95 0.5 0.1 0.09090909090909091
1 0.044444444444444446 0.5909090909090909 0.08888888888888889 0.09090909090909091
0 0.3111111111111111 0.5909090909090909 0.4444444444444444 0.09090909090909091
3 0.95 0.5909090909090909 0.1 0.09090909090909091
1 0.044444444444444446 0.6818181818181818 0.08888888888888889 0.09090909090909091
0 0.3111111111111111 0.6818181818181818 0.4444444444444444 0.09090909090909091
3 0.95 0.6818181818181818 0.1 0.09090909090909091
1 0.044444444444444446 0.7727272727272727 0.08888888888888889 0.09090909090909091
0 0.3111111111111111 0.7727272727272727 0.4444444444444444 0.09090909090909091
3 0.95 0.7727272727272727 0.1 0.09090909090909091
4 0.9166666666666666 0.9545454545454546 0.16666666666666666 0.09090909090909091
