1 0.044444444444444446 0.05555555555555555 0.08888888888888889 0.1111111111111111
0 0.3111111111111111 0.05555555555555555 0.4444444444444444 0.1111111111111111
3 0.95 0.05555555555555555 0.1 0.1111111111111111
1 0.044444444444444446 0.16666666666666666 0.08888888888888889 0.1111111111111111
0 0.3111111111111111 0.16666666666666666 0.4444444444444444 0.1111111111111111
3 0.95 0.16666666666666666 0.1 0.1111111111111111
1 0.044444444444444446 0.2777777777777778 0.08888888888888889 0.1111111111111111
0 0.3111111111111111 0.2777777777777778 0.4444444444444444 0.1111111111111111
3 0.95 0.2777777777777778 0.1 0.1111111111111111
1 0.044444444444444446 0.3888888888888889 0.08888888888888889 0.1111111111111111
0 0.3111111111111111 0.3888888888888889 0.4444444444444444 0.1111111111111111
3 0.95 0.3888888888888889 0.1 0.1111111111111111
1 0.044444444444444446 0.5 0.08888888888888889 0.1111111111111111
0 0.3111111111111111 0.5 0.4444444444444444 0.1111111111111111
3 0.95 0.5 0.1 0.1111111111111111
1 0.044444444444444446 0.6111111111111112 0.08888888888888889 0.1111111111111111
0 0.3111111111111111 0.6111111111111112 0.4444444444444444 0.1111111111111111
3 0.95 0.6111111111111112 0.1 0.1111111111111111
1 0.044444444444444446 0.7222222222222222 0.08888888888888889 0.1111111111111111
0 0.3111111111111111 0.7222222222222222 0.4444444444444444 0.1111111111111111
3 0.95 0.7222222222222222 0.1 0.1111111111111111
4 0.9166666666666666 0.9444444444444444 0.16666666666666666 0.1111111111111111
