1 0.09 0.3888213851761847 0.08 0.024301336573511544
0 0.33 0.3888213851761847 0.4 0.024301336573511544
3 0.905 0.3888213851761847 0.09 0.024301336573511544
1 0.09 0.4131227217496962 0.08 0.024301336573511544
0 0.33 0.4131227217496962 0.4 0.024301336573511544
5 0.685 0.4131227217496962 0.14 0.024301336573511544
3 0.905 0.4131227217496962 0.09 0.024301336573511544
1 0.09 0.4374240583232078 0.08 0.024301336573511544
0 0.33 0.4374240583232078 0.4 0.024301336573511544
3 0.905 0.4374240583232078 0.09 0.024301336573511544
1 0.09 0.4617253948967193 0.08 0.024301336573511544
0 0.33 0.4617253948967193 0.4 0.024301336573511544
3 0.905 0.4617253948967193 0.09 0.024301336573511544
4 0.875 0.5103280680437424 0.15 0.024301336573511544
