1 0.09 0.3707995365005794 0.08 0.023174971031286212
0 0.33 0.3707995365005794 0.4 0.023174971031286212
3 0.905 0.3707995365005794 0.09 0.023174971031286212
1 0.09 0.3939745075318656 0.08 0.023174971031286212
0 0.33 0.3939745075318656 0.4 0.023174971031286212
5 0.685 0.3939745075318656 0.14 0.023174971031286212
3 0.905 0.3939745075318656 0.09 0.023174971031286212
1 0.09 0.4171494785631518 0.08 0.023174971031286212
0 0.33 0.4171494785631518 0.4 0.023174971031286212
3 0.905 0.4171494785631518 0.09 0.023174971031286212
1 0.09 0.440324449594438 0.08 0.023174971031286212
0 0.33 0.440324449594438 0.4 0.023174971031286212
3 0.905 0.440324449594438 0.09 0.023174971031286212
1 0.09 0.46349942062572425 0.08 0.023174971031286212
0 0.33 0.46349942062572425 0.4 0.023174971031286212
3 0.905 0.46349942062572425 0.09 0.023174971031286212
1 0.09 0.48667439165701043 0.08 0.023174971031286212
0 0.33 0.48667439165701043 0.4 0.023174971031286212
3 0.905 0.48667439165701043 0.09 0.023174971031286212
4 0.875 0.5330243337195828 0.15 0.023174971031286212
