1 0.09 0.398505603985056 0.08 0.024906600249066
0 0.33 0.398505603985056 0.4 0.024906600249066
3 0.905 0.398505603985056 0.09 0.024906600249066
1 0.09 0.42341220423412207 0.08 0.024906600249066
0 0.33 0.42341220423412207 0.4 0.024906600249066
5 0.685 0.42341220423412207 0.14 0.024906600249066
3 0.905 0.42341220423412207 0.09 0.024906600249066
1 0.09 0.44831880448318806 0.08 0.024906600249066
0 0.33 0.44831880448318806 0.4 0.024906600249066
3 0.905 0.44831880448318806 0.09 0.024906600249066
4 0.875 0.49813200498132004 0.15 0.024906600249066
