1 0.09 0.2574416733708769 0.08 0.016090104585679808
0 0.33 0.2574416733708769 0.4 0.016090104585679808
3 0.905 0.2574416733708769 0.09 0.016090104585679808
1 0.09 0.2735317779565567 0.08 0.016090104585679808
0 0.33 0.2735317779565567 0.4 0.016090104585679808
3 0.905 0.2735317779565567 0.09 0.016090104585679808
1 0.09 0.28962188254223653 0.08 0.016090104585679808
0 0.33 0.28962188254223653 0.4 0.016090104585679808
5 0.685 0.28962188254223653 0.14 0.016090104585679808
3 0.905 0.28962188254223653 0.09 0.016090104585679808
1 0.09 0.3057119871279163 0.08 0.016090104585679808
0 0.33 0.3057119871279163 0.4 0.016090104585679808
3 0.905 0.3057119871279163 0.09 0.016090104585679808
1 0.09 0.32180209171359614 0.08 0.016090104585679808
0 0.33 0.32180209171359614 0.4 0.016090104585679808
3 0.905 0.32180209171359614 0.09 0.016090104585679808
1 0.09 0.33789219629927597 0.08 0.016090104585679808
0 0.33 0.33789219629927597 0.4 0.016090104585679808
5 0.685 0.33789219629927597 0.14 0.016090104585679808
3 0.905 0.33789219629927597 0.09 0.016090104585679808
1 0.09 0.35398230088495575 0.08 0.016090104585679808
0 0.33 0.35398230088495575 0.4 0.016090104585679808
3 0.905 0.35398230088495575 0.09 0.016090104585679808
1 0.09 0.3700724054706356 0.08 0.016090104585679808
0 0.33 0.3700724054706356 0.4 0.016090104585679808
3 0.905 0.3700724054706356 0.09 0.016090104585679808
1 0.09 0.38616251005631536 0.08 0.016090104585679808
0 0.33 0.38616251005631536 0.4 0.016090104585679808
3 0.905 0.38616251005631536 0.09 0.016090104585679808
1 0.09 0.4022526146419952 0.08 0.016090104585679808
0 0.33 0.4022526146419952 0.4 0.016090104585679808
5 0.685 0.4022526146419952 0.14 0.016090104585679808
3 0.905 0.4022526146419952 0.09 0.016090104585679808
1 0.09 0.41834271922767496 0.08 0.016090104585679808
0 0.33 0.41834271922767496 0.4 0.016090104585679808
3 0.905 0.41834271922767496 0.09 0.016090104585679808
1 0.09 0.4344328238133548 0.08 0.016090104585679808
0 0.33 0.4344328238133548 0.4 0.016090104585679808
5 0.685 0.4344328238133548 0.14 0.016090104585679808
3 0.905 0.4344328238133548 0.09 0.016090104585679808
1 0.09 0.4505229283990346 0.08 0.016090104585679808
0 0.33 0.4505229283990346 0.4 0.016090104585679808
5 0.685 0.4505229283990346 0.14 0.016090104585679808
3 0.905 0.4505229283990346 0.09 0.016090104585679808
1 0.09 0.4666130329847144 0.08 0.016090104585679808
0 0.33 0.4666130329847144 0.4 0.016090104585679808
3 0.905 0.4666130329847144 0.09 0.016090104585679808
1 0.09 0.4827031375703942 0.08 0.016090104585679808
0 0.33 0.4827031375703942 0.4 0.016090104585679808
3 0.905 0.4827031375703942 0.09 0.016090104585679808
1 0.09 0.498793242156074 0.08 0.016090104585679808
0 0.33 0.498793242156074 0.4 0.016090104585679808
3 0.905 0.498793242156074 0.09 0.016090104585679808
1 0.09 0.5148833467417538 0.08 0.016090104585679808
0 0.33 0.5148833467417538 0.4 0.016090104585679808
3 0.905 0.5148833467417538 0.09 0.016090104585679808
1 0.09 0.5309734513274337 0.08 0.016090104585679808
0 0.33 0.5309734513274337 0.4 0.016090104585679808
5 0.685 0.5309734513274337 0.14 0.016090104585679808
3 0.905 0.5309734513274337 0.09 0.016090104585679808
2 0.258 0.5631536604987932 0.12 0.016090104585679808
0 0.33 0.5470635559131134 0.4 0.016090104585679808
5 0.685 0.5631536604987932 0.14 0.016090104585679808
3 0.905 0.5631536604987932 0.09 0.016090104585679808
1 0.09 0.5792437650844731 0.08 0.016090104585679808
0 0.33 0.5792437650844731 0.4 0.016090104585679808
3 0.905 0.5792437650844731 0.09 0.016090104585679808
1 0.09 0.5953338696701529 0.08 0.016090104585679808
0 0.33 0.5953338696701529 0.4 0.016090104585679808
3 0.905 0.5953338696701529 0.09 0.016090104585679808
1 0.09 0.6114239742558326 0.08 0.016090104585679808
0 0.33 0.6114239742558326 0.4 0.016090104585679808
3 0.905 0.6114239742558326 0.09 0.016090104585679808
1 0.09 0.6275140788415124 0.08 0.016090104585679808
0 0.33 0.6275140788415124 0.4 0.016090104585679808
3 0.905 0.6275140788415124 0.09 0.016090104585679808
1 0.09 0.6436041834271923 0.08 0.016090104585679808
0 0.33 0.6436041834271923 0.4 0.016090104585679808
3 0.905 0.6436041834271923 0.09 0.016090104585679808
4 0.875 0.6757843925985519 0.15 0.016090104585679808
