1 0.09 0.3068072866730585 0.08 0.019175455417066157
0 0.33 0.3068072866730585 0.4 0.019175455417066157
5 0.685 0.3068072866730585 0.14 0.019175455417066157
3 0.905 0.3068072866730585 0.09 0.019175455417066157
1 0.09 0.3259827420901246 0.08 0.019175455417066157
0 0.33 0.3259827420901246 0.4 0.019175455417066157
3 0.905 0.3259827420901246 0.09 0.019175455417066157
1 0.09 0.3451581975071908 0.08 0.019175455417066157
0 0.33 0.3451581975071908 0.4 0.019175455417066157
3 0.905 0.3451581975071908 0.09 0.019175455417066157
1 0.09 0.36433365292425696 0.08 0.019175455417066157
0 0.33 0.36433365292425696 0.4 0.019175455417066157
3 0.905 0.36433365292425696 0.09 0.019175455417066157
1 0.09 0.3835091083413231 0.08 0.019175455417066157
0 0.33 0.3835091083413231 0.4 0.019175455417066157
3 0.905 0.3835091083413231 0.09 0.019175455417066157
2 0.258 0.4218600191754554 0.12 0.019175455417066157
0 0.33 0.40268456375838924 0.4 0.019175455417066157
5 0.685 0.4218600191754554 0.14 0.019175455417066157
3 0.905 0.4218600191754554 0.09 0.019175455417066157
1 0.09 0.44103547459252157 0.08 0.019175455417066157
0 0.33 0.44103547459252157 0.4 0.019175455417066157
3 0.905 0.44103547459252157 0.09 0.019175455417066157
1 0.09 0.46021093000958774 0.08 0.019175455417066157
0 0.33 0.46021093000958774 0.4 0.019175455417066157
3 0.905 0.46021093000958774 0.09 0.019175455417066157
1 0.09 0.4793863854266539 0.08 0.019175455417066157
0 0.33 0.4793863854266539 0.4 0.019175455417066157
5 0.685 0.4793863854266539 0.14 0.019175455417066157
3 0.905 0.4793863854266539 0.09 0.019175455417066157
1 0.09 0.49856184084372 0.08 0.019175455417066157
0 0.33 0.49856184084372 0.4 0.019175455417066157
3 0.905 0.49856184084372 0.09 0.019175455417066157
1 0.09 0.5177372962607862 0.08 0.019175455417066157
0 0.33 0.5177372962607862 0.4 0.019175455417066157
5 0.685 0.5177372962607862 0.14 0.019175455417066157
3 0.905 0.5177372962607862 0.09 0.019175455417066157
1 0.09 0.5369127516778524 0.08 0.019175455417066157
0 0.33 0.5369127516778524 0.4 0.019175455417066157
3 0.905 0.5369127516778524 0.09 0.019175455417066157
1 0.09 0.5560882070949185 0.08 0.019175455417066157
0 0.33 0.5560882070949185 0.4 0.019175455417066157
3 0.905 0.5560882070949185 0.09 0.019175455417066157
1 0.09 0.5752636625119847 0.08 0.019175455417066157
0 0.33 0.5752636625119847 0.4 0.019175455417066157
3 0.905 0.5752636625119847 0.09 0.019175455417066157
4 0.875 0.613614573346117 0.15 0.019175455417066157
