1 0.09 0.25336500395882816 0.08 0.01583531274742676
0 0.33 0.25336500395882816 0.4 0.01583531274742676
3 0.905 0.25336500395882816 0.09 0.01583531274742676
1 0.09 0.26920031670625494 0.08 0.01583531274742676
0 0.33 0.26920031670625494 0.4 0.01583531274742676
3 0.905 0.26920031670625494 0.09 0.01583531274742676
1 0.09 0.2850356294536817 0.08 0.01583531274742676
0 0.33 0.2850356294536817 0.4 0.01583531274742676
3 0.905 0.2850356294536817 0.09 0.01583531274742676
2 0.258 0.3167062549485352 0.12 0.01583531274742676
0 0.33 0.3008709422011085 0.4 0.01583531274742676
5 0.685 0.3167062549485352 0.14 0.01583531274742676
3 0.905 0.3167062549485352 0.09 0.01583531274742676
1 0.09 0.332541567695962 0.08 0.01583531274742676
0 0.33 0.332541567695962 0.4 0.01583531274742676
5 0.685 0.332541567695962 0.14 0.01583531274742676
3 0.905 0.332541567695962 0.09 0.01583531274742676
1 0.09 0.34837688044338877 0.08 0.01583531274742676
0 0.33 0.34837688044338877 0.4 0.01583531274742676
3 0.905 0.34837688044338877 0.09 0.01583531274742676
1 0.09 0.3642121931908155 0.08 0.01583531274742676
0 0.33 0.3642121931908155 0.4 0.01583531274742676
3 0.905 0.3642121931908155 0.09 0.01583531274742676
1 0.09 0.38004750593824227 0.08 0.01583531274742676
0 0.33 0.38004750593824227 0.4 0.01583531274742676
3 0.905 0.38004750593824227 0.09 0.01583531274742676
1 0.09 0.39588281868566905 0.08 0.01583531274742676
0 0.33 0.39588281868566905 0.4 0.01583531274742676
3 0.905 0.39588281868566905 0.09 0.01583531274742676
1 0.09 0.4117181314330958 0.08 0.01583531274742676
0 0.33 0.4117181314330958 0.4 0.01583531274742676
3 0.905 0.4117181314330958 0.09 0.01583531274742676
1 0.09 0.42755344418052255 0.08 0.01583531274742676
0 0.33 0.42755344418052255 0.4 0.01583531274742676
5 0.685 0.42755344418052255 0.14 0.01583531274742676
3 0.905 0.42755344418052255 0.09 0.01583531274742676
1 0.09 0.4433887569279493 0.08 0.01583531274742676
0 0.33 0.4433887569279493 0.4 0.01583531274742676
5 0.685 0.4433887569279493 0.14 0.01583531274742676
3 0.905 0.4433887569279493 0.09 0.01583531274742676
1 0.09 0.4592240696753761 0.08 0.01583531274742676
0 0.33 0.4592240696753761 0.4 0.01583531274742676
3 0.905 0.4592240696753761 0.09 0.01583531274742676
1 0.09 0.4750593824228028 0.08 0.01583531274742676
0 0.33 0.4750593824228028 0.4 0.01583531274742676
5 0.685 0.4750593824228028 0.14 0.01583531274742676
3 0.905 0.4750593824228028 0.09 0.01583531274742676
1 0.09 0.4908946951702296 0.08 0.01583531274742676
0 0.33 0.4908946951702296 0.4 0.01583531274742676
3 0.905 0.4908946951702296 0.09 0.01583531274742676
1 0.09 0.5067300079176563 0.08 0.01583531274742676
0 0.33 0.5067300079176563 0.4 0.01583531274742676
5 0.685 0.5067300079176563 0.14 0.01583531274742676
3 0.905 0.5067300079176563 0.09 0.01583531274742676
1 0.09 0.5225653206650831 0.08 0.01583531274742676
0 0.33 0.5225653206650831 0.4 0.01583531274742676
3 0.905 0.5225653206650831 0.09 0.01583531274742676
1 0.09 0.5384006334125099 0.08 0.01583531274742676
0 0.33 0.5384006334125099 0.4 0.01583531274742676
3 0.905 0.5384006334125099 0.09 0.01583531274742676
2 0.258 0.5700712589073634 0.12 0.01583531274742676
0 0.33 0.5542359461599367 0.4 0.01583531274742676
5 0.685 0.5700712589073634 0.14 0.01583531274742676
3 0.905 0.5700712589073634 0.09 0.01583531274742676
1 0.09 0.5859065716547902 0.08 0.01583531274742676
0 0.33 0.5859065716547902 0.4 0.01583531274742676
5 0.685 0.5859065716547902 0.14 0.01583531274742676
3 0.905 0.5859065716547902 0.09 0.01583531274742676
1 0.09 0.601741884402217 0.08 0.01583531274742676
0 0.33 0.601741884402217 0.4 0.01583531274742676
3 0.905 0.601741884402217 0.09 0.01583531274742676
1 0.09 0.6175771971496437 0.08 0.01583531274742676
0 0.33 0.6175771971496437 0.4 0.01583531274742676
3 0.905 0.6175771971496437 0.09 0.01583531274742676
1 0.09 0.6334125098970704 0.08 0.01583531274742676
0 0.33 0.6334125098970704 0.4 0.01583531274742676
3 0.905 0.6334125098970704 0.09 0.01583531274742676
1 0.09 0.6492478226444972 0.08 0.01583531274742676
0 0.33 0.6492478226444972 0.4 0.01583531274742676
5 0.685 0.6492478226444972 0.14 0.01583531274742676
3 0.905 0.6492478226444972 0.09 0.01583531274742676
4 0.875 0.6809184481393508 0.15 0.01583531274742676
