1 0.09 0.3190428713858425 0.08 0.019940179461615155
0 0.33 0.3190428713858425 0.4 0.019940179461615155
3 0.905 0.3190428713858425 0.09 0.019940179461615155
1 0.09 0.3389830508474576 0.08 0.019940179461615155
0 0.33 0.3389830508474576 0.4 0.019940179461615155
3 0.905 0.3389830508474576 0.09 0.019940179461615155
1 0.09 0.3589232303090728 0.08 0.019940179461615155
0 0.33 0.3589232303090728 0.4 0.019940179461615155
3 0.905 0.3589232303090728 0.09 0.019940179461615155
1 0.09 0.37886340977068794 0.08 0.019940179461615155
0 0.33 0.37886340977068794 0.4 0.019940179461615155
3 0.905 0.37886340977068794 0.09 0.019940179461615155
1 0.09 0.3988035892323031 0.08 0.019940179461615155
0 0.33 0.3988035892323031 0.4 0.019940179461615155
3 0.905 0.3988035892323031 0.09 0.019940179461615155
1 0.09 0.4187437686939183 0.08 0.019940179461615155
0 0.33 0.4187437686939183 0.4 0.019940179461615155
5 0.685 0.4187437686939183 0.14 0.019940179461615155
3 0.905 0.4187437686939183 0.09 0.019940179461615155
1 0.09 0.4386839481555334 0.08 0.019940179461615155
0 0.33 0.4386839481555334 0.4 0.019940179461615155
3 0.905 0.4386839481555334 0.09 0.019940179461615155
1 0.09 0.45862412761714855 0.08 0.019940179461615155
0 0.33 0.45862412761714855 0.4 0.019940179461615155
3 0.905 0.45862412761714855 0.09 0.019940179461615155
1 0.09 0.4785643070787637 0.08 0.019940179461615155
0 0.33 0.4785643070787637 0.4 0.019940179461615155
3 0.905 0.4785643070787637 0.09 0.019940179461615155
1 0.09 0.4985044865403789 0.08 0.019940179461615155
0 0.33 0.4985044865403789 0.4 0.019940179461615155
5 0.685 0.4985044865403789 0.14 0.019940179461615155
3 0.905 0.4985044865403789 0.09 0.019940179461615155
1 0.09 0.518444666001994 0.08 0.019940179461615155
0 0.33 0.518444666001994 0.4 0.019940179461615155
3 0.905 0.518444666001994 0.09 0.019940179461615155
1 0.09 0.5383848454636092 0.08 0.019940179461615155
0 0.33 0.5383848454636092 0.4 0.019940179461615155
3 0.905 0.5383848454636092 0.09 0.019940179461615155
1 0.09 0.5583250249252243 0.08 0.019940179461615155
0 0.33 0.5583250249252243 0.4 0.019940179461615155
3 0.905 0.5583250249252243 0.09 0.019940179461615155
4 0.875 0.5982053838484547 0.15 0.019940179461615155
