1 0.044444444444444446 0.07142857142857142 0.08888888888888889 0.14285714285714285
0 0.3111111111111111 0.07142857142857142 0.4444444444444444 0.14285714285714285
3 0.95 0.07142857142857142 0.1 0.14285714285714285
1 0.044444444444444446 0.21428571428571427 0.08888888888888889 0.14285714285714285
0 0.3111111111111111 0.21428571428571427 0.4444444444444444 0.14285714285714285
3 0.95 0.21428571428571427 0.1 0.14285714285714285
1 0.044444444444444446 0.35714285714285715 0.08888888888888889 0.14285714285714285
0 0.3111111111111111 0.35714285714285715 0.4444444444444444 0.14285714285714285
3 0.95 0.35714285714285715 0.1 0.14285714285714285
1 0.044444444444444446 0.5 0.08888888888888889 0.14285714285714285
0 0.3111111111111111 0.5 0.4444444444444444 0.14285714285714285
5 0.7055555555555556 0.5 0.15555555555555556 0.14285714285714285
3 0.95 0.5 0.1 0.14285714285714285
1 0.044444444444444446 0.6428571428571429 0.08888888888888889 0.14285714285714285
0 0.3111111111111111 0.6428571428571429 0.4444444444444444 0.14285714285714285
5 0.7055555555555556 0.6428571428571429 0.15555555555555556 0.14285714285714285
3 0.95 0.6428571428571429 0.1 0.14285714285714285
4 0.9166666666666666 0.9285714285714286 0.16666666666666666 0.14285714285714285
